Desert-Eagle        700       73      266.67           7              15        24.58        48.2
R8-Revolver         600       86      120              8              6         18.18        60.2
DualBerettas        300       28      500              30             21        16.93        32.0
Five-SeveN          500       27      400              20             19        13.73        25.0
Glock-18            200       24      400              20             15        20.05        24.0
P2000               200       27      320              13             9         21.09        26.0
USP-S               200       28      300              12             9         23.81        24.0
P250                300       31      400              13             10        12.73        27.0
CZ75-Auto           500       26      600              12             15        11.35        41.0
Tec-9               500       26      500              18             21        20.09        23.0
PP-Bizon            1400      24      800              64             20        10.16        18.0
MAC-10              1050      27      800              30             20        10.96        18.0
MP7                 1500      29      700              30             15        14.38        16.0
MP5-SD              1500      27      750              30             15        12.38        16.0
MP9                 1250      26      800              30             13        15.88        19.0
P90                 2350      26      857.14           50             14        11.40        16.0
UMP-45              1200      35      700              25             25        10.56        23.0
Mag-7               1300      30      70.59            5              55        3.24         165.0
Nova                1050      26      68.18            8              30        3.24         143.0
Sawed-Off           1100      32      70.59            7              55        2.21         143.0
XM1014              2000      20      171.43           7              30        3.39         80.0
M249                5200      32      750              100            3         15.71        45.0
Negev               1700      35      800              150            3         12.52        40.0
AK-47               2700      41      640              30             2         28.52        30.0
AUG                 3300      28      600              30             2         30.25        20.0
FAMAS               2050      30      650              25             5         21.74        20.0
Galil-AR            1800      30      600              35             4         17.26        31.0
M4A4                3100      33      660              30             3         27.71        23.0
M4A1-S              2900      38      600              20             6         28.22        21.0
SG-553              3000      30      545.45           30             2         30.78        23.5
AWP                 4750      115     41.24            5              1         69.27        7.8
G3SG1               5000      80      240              20             2         66.26        25.0
SCAR-20             5000      80      240              20             2         66.26        26.0
SSG-08              1700      88      48               10             2         47.18        8.0